"","1","2","3","4","5","6","7","8","9","10","11","12","13","14","15","16","17","18","19","20","21","22","23","24","25","26","27","28","29","30","31","32","33","34","35","36","37","38","39","40","41","42","43","44","45","46","47","48","49","50","51","52","53","54","55","56","57","58","59","60","61","62","63","64","65","66","67","68","69","70","71","72","73","74","75","76","77","78","79","80","81","82","83","84","85","86","87","88","89","90","91","92","93","94","95","96","97","98","99","100"
"1",0,6456,109,209,153,80,250,5157,170,4283,24,5958,86,100,95,210,173,123,93,3262,99,180,148,3767,54,48,77,67,39,210,90,81,115,156,2613,2614,314,436,12,121,73,6466,245,24,87,101,101,2069,1637,132,2249,78,26,84,190,29,50,1818,1,1849,2171,1332,746,113,4,25,909,63,6,45,2467,46,1932,1769,73,159,74,68,44,1656,24,6,2060,1514,417,5,43,54,711,104,23,1223,1991,157,84,49,81,32,10,1522
"2",6456,0,808,1034,924,552,861,4468,392,4467,51,13936,616,812,922,701,991,494,336,3340,534,680,753,4546,298,163,569,232,115,663,662,475,681,419,1780,1915,612,818,34,498,495,3687,586,71,349,132,136,1608,1492,386,1441,1862,109,305,307,95,258,1998,32,1355,1873,1071,769,341,34,47,695,379,51,295,3032,323,1294,1880,331,214,326,302,335,1120,50,37,1648,1375,544,30,316,226,1123,94,75,1062,1608,363,194,183,232,91,114,979
"3",109,808,0,1838,2172,1270,1269,175,785,713,1545,53,1528,8365,1818,1676,1453,1703,2053,309,1236,1181,1184,111,1905,1853,1248,643,1254,1210,993,1085,1999,1476,80,36,1047,1817,916,1035,971,50,1385,899,1027,3660,958,54,120,702,113,801,689,682,787,1049,726,66,632,26,45,113,176,594,655,998,157,767,51,493,47,753,20,21,850,159,638,633,776,43,651,649,14,47,532,542,702,647,305,755,793,52,27,589,657,383,666,164,151,30
"4",209,1034,1838,0,2372,1348,1885,213,588,785,96,94,1533,1900,1278,1563,2421,1447,929,425,1677,5857,1585,168,746,451,1711,389,329,1054,4427,1587,1536,953,67,29,912,1243,21,1530,2723,88,1501,143,963,297,262,87,218,4704,103,825,115,967,275,299,624,147,19,26,76,104,272,1267,51,185,284,775,59,478,66,514,28,50,661,383,458,803,727,41,49,55,27,297,930,56,520,663,481,113,213,41,77,490,485,602,605,129,203,27
"5",153,924,2172,2372,0,2196,2578,198,877,779,205,36,2473,2207,2620,1959,2017,2158,720,480,1745,2402,2633,124,590,593,2740,703,325,1341,2140,1553,1706,2005,50,25,1434,1575,111,1386,1100,40,1194,180,1291,423,303,82,152,778,117,1268,118,1201,314,287,839,58,61,22,56,133,458,835,77,185,304,1832,204,1163,40,1163,23,15,1434,273,1346,524,935,82,81,76,14,108,548,131,976,2036,339,166,180,94,30,868,841,641,1073,226,255,35
"6",80,552,1270,1348,2196,0,1741,95,1628,481,100,24,1656,1317,1432,1204,1171,1459,573,282,1008,997,1070,74,449,325,1250,1151,523,1056,833,939,978,1434,27,13,789,900,43,794,641,34,730,147,844,277,592,54,168,543,79,727,226,769,306,156,901,52,38,17,26,88,344,532,25,95,382,1040,2349,578,27,791,20,11,1304,362,568,531,551,38,171,40,14,26,306,101,495,1632,202,86,108,76,19,438,545,908,822,847,526,13
"7",250,861,1269,1885,2578,1741,0,234,711,627,68,132,1959,1230,2144,1284,2016,1239,580,582,2518,1323,1562,136,482,429,1553,452,213,1017,1023,2326,990,1081,121,67,1598,857,28,1340,1011,54,696,75,928,268,232,106,144,816,165,982,67,1919,141,191,570,126,25,62,74,131,305,847,17,103,164,667,135,1076,47,542,51,73,748,437,1267,563,1032,86,12,35,30,149,316,54,786,757,324,96,126,107,34,622,544,1104,702,95,179,39
"8",5157,4468,175,213,198,95,234,0,218,9425,22,4101,188,142,193,223,219,548,85,2589,123,159,208,2704,64,57,120,78,36,187,99,109,132,159,1752,1812,236,1196,6,121,90,2258,212,26,94,77,83,1595,1744,94,1188,130,20,87,138,35,57,1400,2,1377,1318,872,542,102,4,36,604,79,8,69,1380,106,1573,1342,125,137,84,86,82,1222,17,9,1149,900,317,10,64,59,412,58,23,871,1107,162,123,56,94,22,22,970
"9",170,392,785,588,877,1628,711,218,0,436,1525,95,880,629,662,595,471,458,311,169,344,409,543,72,289,235,411,4193,593,521,426,280,416,330,82,83,317,422,595,335,224,63,286,409,357,211,404,103,224,188,88,326,453,287,417,133,529,37,332,50,56,89,394,193,199,81,211,277,552,104,34,323,53,26,289,282,422,426,213,73,201,180,28,87,139,1302,236,120,143,95,97,61,31,214,154,1645,146,410,735,48
"10",4283,4467,713,785,779,481,627,9425,436,0,180,3588,561,716,841,573,914,396,227,2269,572,649,629,2475,189,117,564,189,51,390,476,515,522,319,1393,1414,660,655,43,453,358,2178,485,59,350,101,99,1199,1614,204,968,1858,62,276,213,80,199,1199,53,1047,1127,548,460,225,20,49,485,308,20,168,1199,267,1171,1147,272,186,318,226,268,851,39,36,1005,804,411,46,294,164,499,54,28,504,1010,357,183,201,172,48,72,749
"11",24,51,1545,96,205,100,68,22,1525,180,0,7,205,190,97,439,219,106,1106,37,31,65,119,21,1102,873,105,265,1273,524,89,35,130,375,41,57,32,227,5803,101,223,12,72,2802,311,691,1178,7,54,15,52,133,2673,32,781,770,678,3,3393,5,7,25,18,26,1514,664,21,80,35,28,7,93,1,2,54,42,127,156,26,6,1859,1233,0,8,52,1988,268,11,52,515,487,10,1,48,70,24,46,8,27,4
"12",5958,13936,53,94,36,24,132,4101,95,3588,7,0,21,57,19,97,53,33,37,2950,25,82,93,4091,28,13,17,35,21,140,65,24,68,37,1608,1755,97,274,4,47,26,3320,162,10,13,56,40,1467,1319,49,1276,40,22,46,159,11,19,1784,4,1239,1703,960,621,60,1,6,578,19,14,16,2783,5,1209,1756,32,107,38,59,15,1000,7,3,1470,1185,296,2,15,9,517,54,13,939,1403,86,31,31,27,30,7,882
"13",86,616,1528,1533,2473,1656,1959,188,880,561,205,21,0,1514,2857,1837,2022,1533,578,313,2225,1104,1411,84,494,448,1495,733,285,903,861,1972,1088,1181,30,14,1438,1043,119,2399,730,25,835,191,1123,314,338,46,120,624,91,1008,165,977,284,264,655,40,85,16,40,93,248,547,84,167,208,887,201,627,40,1008,14,7,957,216,945,412,883,49,110,103,9,34,351,114,836,828,449,141,181,82,17,774,636,578,709,169,320,18
"14",100,812,8365,1900,2207,1317,1230,142,629,716,190,57,1514,0,1741,1307,1367,1539,952,282,1213,1213,1238,99,836,433,1301,526,240,942,984,1078,1992,1124,28,22,1027,1950,130,964,880,55,1412,169,938,383,233,58,97,698,77,810,124,627,217,204,522,66,73,23,47,101,163,622,72,128,183,745,57,481,46,810,18,19,876,155,669,515,684,39,102,91,12,39,558,81,609,715,271,109,142,65,29,586,551,349,631,158,174,22
"15",95,922,1818,1278,2620,1432,2144,193,662,841,97,19,2857,1741,0,3166,1686,1596,573,341,1451,871,2044,147,475,381,1667,458,181,904,672,1187,1284,1292,31,16,3087,1213,53,1106,578,23,855,128,986,373,229,68,117,472,81,1394,91,1086,186,203,583,38,37,20,29,109,191,602,31,108,147,904,61,874,55,1081,25,11,929,136,1939,352,927,62,49,61,7,88,333,52,1155,745,207,82,117,123,20,1000,665,562,771,89,196,14
"16",210,701,1676,1563,1959,1204,1284,223,595,573,439,97,1837,1307,3166,0,1344,1659,537,349,1096,974,1240,293,434,720,1198,442,373,755,946,951,970,938,77,56,884,1106,179,1187,672,72,682,369,1049,457,420,84,127,536,100,775,274,778,419,386,847,57,213,48,65,136,199,369,126,311,172,961,112,502,174,913,63,29,696,113,757,319,465,82,316,146,33,108,293,132,594,665,387,196,281,84,53,639,547,346,616,206,220,42
"17",173,991,1453,2421,2017,1171,2016,219,471,914,219,53,2022,1367,1686,1344,0,1039,697,444,1259,2108,1378,220,548,387,2798,347,261,832,1484,1137,1182,968,66,42,921,1128,101,1929,1378,54,816,154,740,271,282,55,156,1130,89,874,112,701,216,310,453,83,72,46,58,86,185,754,61,192,133,702,49,617,42,585,30,36,619,295,645,454,709,55,92,75,17,232,424,66,859,625,282,139,203,93,39,578,391,401,625,121,139,49
"18",123,494,1703,1447,2158,1459,1239,548,458,396,106,33,1533,1539,1596,1659,1039,0,539,247,1199,852,978,87,427,1017,1011,507,264,807,716,1092,1051,1415,42,26,939,1225,46,671,607,25,790,182,782,392,337,75,94,475,108,622,121,812,245,321,508,51,45,26,27,90,155,598,58,176,194,769,64,635,35,919,22,16,1103,109,609,426,520,43,78,75,4,20,314,44,529,757,185,227,231,64,20,480,1448,448,992,152,187,15
"19",93,336,2053,929,720,573,580,85,311,227,1106,37,578,952,573,537,697,539,0,133,393,570,513,77,9319,729,554,249,582,631,446,350,665,551,48,39,319,673,717,453,510,15,565,419,412,650,426,26,104,461,49,307,339,212,329,391,324,38,344,24,25,69,70,391,619,393,68,295,24,209,22,236,16,16,349,174,177,386,412,31,277,536,9,54,271,310,309,224,99,303,335,36,17,220,232,127,314,88,71,23
"20",3262,3340,309,425,480,282,582,2589,169,2269,37,2950,313,282,341,349,444,247,133,0,393,282,280,4598,102,94,331,107,70,263,245,350,250,231,1134,1193,291,305,35,386,164,1348,289,23,159,94,68,942,1035,189,813,197,23,881,136,47,109,859,13,970,1052,577,398,189,5,38,379,135,13,181,1484,119,926,821,135,136,179,144,133,742,8,13,718,784,332,18,130,179,380,75,40,560,697,183,134,158,134,28,22,747
"21",99,534,1236,1677,1745,1008,2518,123,344,572,31,25,2225,1213,1451,1096,1259,1199,393,393,0,1149,939,66,337,484,1098,249,174,614,803,7522,829,897,25,19,2269,727,11,979,790,22,646,72,1458,245,161,60,76,695,145,612,69,1434,144,243,401,52,8,11,23,82,186,513,15,108,166,569,46,463,25,634,9,10,493,120,710,301,822,50,26,40,5,104,312,34,443,640,196,112,127,43,21,541,658,612,479,85,136,13
"22",180,680,1181,5857,2402,997,1323,159,409,649,65,82,1104,1213,871,974,2108,852,570,282,1149,0,999,101,480,309,1601,247,288,624,1886,1088,1037,618,75,36,610,862,20,1324,2167,88,1051,85,605,180,173,62,172,1640,66,614,73,589,172,264,322,152,28,20,68,61,185,785,16,150,224,466,73,318,36,265,34,52,451,309,313,517,527,37,40,23,35,254,675,32,378,494,419,93,197,32,77,329,288,384,411,158,70,41
"23",148,753,1184,1585,2633,1070,1562,208,543,629,119,93,1411,1238,2044,1240,1378,978,513,280,939,999,0,128,455,200,1233,359,106,752,770,800,926,914,105,50,779,929,50,897,717,38,612,97,1104,133,132,88,141,808,63,1007,66,615,183,116,495,103,26,29,55,85,146,3727,39,44,101,1503,57,440,42,929,40,58,669,902,832,482,641,65,69,74,22,79,304,46,714,348,194,44,73,103,29,579,299,333,479,76,224,41
"24",3767,4546,111,168,124,74,136,2704,72,2475,21,4091,84,99,147,293,220,87,77,4598,66,101,128,0,66,28,91,48,27,113,128,54,116,71,1065,1144,92,198,6,83,54,1855,140,19,81,42,38,1012,1064,44,968,269,21,54,105,12,38,947,9,794,1120,541,354,73,8,18,262,82,2,59,5136,54,896,915,55,87,54,60,45,676,16,11,691,854,195,8,47,28,460,38,14,517,669,107,53,24,53,23,14,603
"25",54,298,1905,746,590,449,482,64,289,189,1102,28,494,836,475,434,548,427,9319,102,337,480,455,66,0,684,434,203,545,556,341,299,561,447,38,28,266,577,732,381,459,20,497,424,346,569,384,25,96,389,37,270,341,165,318,388,337,32,363,23,19,44,54,331,652,381,44,241,19,164,11,201,11,8,312,160,158,352,353,20,274,565,6,29,244,333,244,178,86,293,305,22,12,183,162,93,236,59,61,8
"26",48,163,1853,451,593,325,429,57,235,117,873,13,448,433,381,720,387,1017,729,94,484,309,200,28,684,0,331,118,854,445,299,427,237,507,44,18,277,318,434,284,290,15,221,412,298,766,686,17,41,134,45,214,278,202,528,1062,269,8,268,12,7,33,61,165,452,891,43,194,19,210,8,161,7,3,265,64,132,183,152,13,224,338,5,20,109,295,201,361,80,600,627,14,15,164,239,98,425,30,36,9
"27",77,569,1248,1711,2740,1250,1553,120,411,564,105,17,1495,1301,1667,1198,2798,1011,554,331,1098,1601,1233,91,434,331,0,298,146,762,1396,945,1056,901,31,17,1001,951,40,2722,891,34,675,79,789,209,166,53,79,536,78,763,75,739,161,140,409,32,29,21,47,64,140,505,17,117,124,775,45,569,36,746,17,9,601,219,726,285,703,50,158,44,5,81,303,52,738,683,369,71,121,78,18,625,384,373,738,181,148,30
"28",67,232,643,389,703,1151,452,78,4193,189,265,35,733,526,458,442,347,507,249,107,249,247,359,48,203,118,298,0,292,410,259,188,299,920,32,48,200,254,143,248,141,23,381,255,438,220,232,72,110,126,54,250,276,246,244,71,378,26,113,27,34,62,325,185,106,74,185,337,412,328,20,552,19,14,320,177,167,280,210,21,136,124,14,16,106,167,159,235,77,45,46,22,16,187,181,364,197,356,640,17
"29",39,115,1254,329,325,523,213,36,593,51,1273,21,285,240,181,373,261,264,582,70,174,288,106,27,545,854,146,292,0,745,260,148,170,249,38,27,114,212,881,154,300,23,145,857,238,533,1314,15,55,115,27,79,639,177,625,849,408,21,680,10,18,42,76,82,985,1012,84,112,460,60,7,110,9,16,84,46,72,183,64,11,523,603,4,19,61,683,153,116,66,565,2430,15,8,86,116,192,58,77,131,15
"30",210,663,1210,1054,1341,1056,1017,187,521,390,524,140,903,942,904,755,832,807,631,263,614,624,752,113,556,445,762,410,745,0,643,551,745,659,86,79,528,707,455,597,606,94,526,425,534,357,758,108,118,464,95,415,469,414,259,276,488,64,294,60,71,76,166,487,430,234,156,533,108,477,41,394,53,32,521,195,306,441,494,71,234,499,36,45,241,297,350,505,192,145,156,79,47,327,289,297,385,108,126,36
"31",90,662,993,4427,2140,833,1023,99,426,476,89,65,861,984,672,946,1484,716,446,245,803,1886,770,128,341,299,1396,259,260,643,0,728,994,523,26,15,444,718,41,1139,1070,59,724,87,513,215,193,37,135,807,72,519,103,526,153,147,330,50,17,12,44,46,173,588,29,127,136,519,182,293,57,322,16,14,323,251,248,395,385,16,36,23,7,127,316,62,294,349,476,71,134,28,26,275,255,370,358,114,89,11
"32",81,475,1085,1587,1553,939,2326,109,280,515,35,24,1972,1078,1187,951,1137,1092,350,350,7522,1088,800,54,299,427,945,188,148,551,728,0,764,792,19,14,2013,674,8,876,747,23,601,52,1314,207,136,54,72,661,135,537,59,1241,123,220,323,51,12,7,19,65,168,485,11,91,153,504,20,408,23,347,7,10,444,116,635,287,691,33,15,33,5,95,300,27,381,577,184,101,111,40,20,453,592,551,436,71,84,11
"33",115,681,1999,1536,1706,978,990,132,416,522,130,68,1088,1992,1284,970,1182,1051,665,250,829,1037,926,116,561,237,1056,299,170,745,994,764,0,835,50,36,659,4463,62,786,757,66,1215,108,609,206,143,48,95,544,46,613,68,487,191,120,370,76,43,27,44,75,140,472,61,96,147,566,41,402,63,540,34,32,617,155,486,313,498,43,77,45,13,153,436,57,557,449,230,79,99,52,33,456,364,267,535,107,120,18
"34",156,419,1476,953,2005,1434,1081,159,330,319,375,37,1181,1124,1292,938,968,1415,551,231,897,618,914,71,447,507,901,920,249,659,523,792,835,0,61,45,877,810,256,605,483,27,606,248,665,454,266,103,65,377,151,556,193,795,202,236,398,36,122,44,34,96,174,456,120,197,147,677,40,566,35,787,40,11,798,135,519,277,476,68,154,145,13,18,238,110,485,635,132,157,159,109,18,394,548,298,786,132,118,20
"35",2613,1780,80,67,50,27,121,1752,82,1393,41,1608,30,28,31,77,66,42,48,1134,25,75,105,1065,38,44,31,32,38,86,26,19,50,61,0,1043,122,138,16,45,35,812,101,33,27,70,55,907,717,45,494,29,26,27,106,25,19,1520,14,704,770,417,285,86,8,30,379,27,1,17,559,27,774,1477,20,185,31,37,18,578,17,21,609,726,175,12,25,25,163,46,29,416,559,60,40,16,28,18,8,547
"36",2614,1915,36,29,25,13,67,1812,83,1414,57,1755,14,22,16,56,42,26,39,1193,19,36,50,1144,28,18,17,48,27,79,15,14,36,45,1043,0,96,162,40,20,7,869,81,97,24,54,58,1018,588,15,565,26,91,20,154,21,20,544,56,960,804,519,275,37,15,12,389,15,1,13,714,5,858,531,24,70,28,37,11,760,116,22,577,593,168,9,16,8,208,31,9,484,499,62,22,19,20,28,2,706
"37",314,612,1047,912,1434,789,1598,236,317,660,32,97,1438,1027,3087,884,921,939,319,291,2269,610,779,92,266,277,1001,200,114,528,444,2013,659,877,122,96,0,658,15,686,358,49,504,51,708,200,131,137,125,314,330,655,40,996,89,147,332,75,8,66,60,99,194,492,5,72,114,422,36,310,40,483,66,53,472,80,599,194,587,92,23,25,28,102,237,31,558,454,136,65,96,70,26,689,464,499,329,80,79,41
"38",436,818,1817,1243,1575,900,857,1196,422,655,227,274,1043,1950,1213,1106,1128,1225,673,305,727,862,929,198,577,318,951,254,212,707,718,674,4463,810,138,162,658,0,123,764,670,121,927,181,554,245,212,136,183,480,133,548,116,433,174,208,326,114,84,98,78,161,166,428,89,163,165,525,29,347,91,512,132,79,602,143,476,289,461,212,104,86,74,158,369,94,491,427,220,149,150,133,81,386,360,256,517,81,98,81
"39",12,34,916,21,111,43,28,6,595,43,5803,4,119,130,53,179,101,46,717,35,11,20,50,6,732,434,40,143,881,455,41,8,62,256,16,40,15,123,0,35,80,4,28,1667,190,410,798,2,21,9,42,52,1539,35,503,375,511,0,1921,3,3,17,12,19,1145,323,7,19,29,19,1,52,1,0,29,27,87,110,17,4,1077,896,1,0,25,1392,143,12,23,299,239,2,0,25,44,10,16,4,3,1
"40",121,498,1035,1530,1386,794,1340,121,335,453,101,47,2399,964,1106,1187,1929,671,453,386,979,1324,897,83,381,284,2722,248,154,597,1139,876,786,605,45,20,686,764,35,0,915,46,582,52,594,156,156,57,96,634,66,582,67,487,149,163,297,36,25,24,51,40,152,395,13,109,82,485,64,411,43,410,40,18,389,178,513,244,516,37,36,32,20,127,255,39,514,444,481,92,127,51,34,443,307,301,441,72,90,28
"41",73,495,971,2723,1100,641,1011,90,224,358,223,26,730,880,578,672,1378,607,510,164,790,2167,717,54,459,290,891,141,300,606,1070,747,757,483,35,7,358,670,80,915,0,41,790,101,418,134,164,29,123,1173,32,362,158,354,127,314,190,97,85,4,34,41,121,583,71,291,114,270,14,258,24,143,10,22,283,202,191,351,327,18,74,66,6,90,510,63,275,307,212,144,236,18,37,185,192,209,314,62,38,12
"42",6466,3687,50,88,40,34,54,2258,63,2178,12,3320,25,55,23,72,54,25,15,1348,22,88,38,1855,20,15,34,23,23,94,59,23,66,27,812,869,49,121,4,46,41,0,106,5,18,21,37,617,653,26,567,39,13,13,61,14,12,863,4,602,1104,332,286,26,0,9,335,17,5,18,1360,6,574,844,21,33,30,22,16,464,2,1,1491,582,147,2,16,21,695,34,19,333,1574,46,16,14,16,18,6,527
"43",245,586,1385,1501,1194,730,696,212,286,485,72,162,835,1412,855,682,816,790,565,289,646,1051,612,140,497,221,675,381,145,526,724,601,1215,606,101,81,504,927,28,582,790,106,0,75,445,226,151,80,109,640,69,409,60,340,122,146,257,107,33,68,94,94,142,347,30,92,159,373,22,323,83,334,53,70,388,113,281,259,355,66,40,30,80,120,3039,32,305,433,191,62,90,60,110,338,284,169,404,92,64,52
"44",24,71,899,143,180,147,75,26,409,59,2802,10,191,169,128,369,154,182,419,23,72,85,97,19,424,412,79,255,857,425,87,52,108,248,33,97,51,181,1667,52,101,5,75,0,280,458,793,8,28,52,46,79,5022,48,968,301,452,7,2095,13,12,37,21,25,1032,258,29,101,86,25,7,100,6,4,123,14,94,130,43,14,2089,910,3,23,39,578,129,62,29,177,136,8,5,40,97,29,57,50,56,4
"45",87,349,1027,963,1291,844,928,94,357,350,311,13,1123,938,986,1049,740,782,412,159,1458,605,1104,81,346,298,789,438,238,534,513,1314,609,665,27,24,708,554,190,594,418,18,445,280,0,251,237,47,62,400,70,486,207,711,219,125,565,49,202,13,20,55,125,385,197,87,133,980,89,366,29,883,14,17,497,94,369,295,482,30,247,203,5,30,201,90,332,496,142,75,89,41,7,517,332,227,438,141,240,16
"46",101,132,3660,297,423,277,268,77,211,101,691,56,314,383,373,457,271,392,650,94,245,180,133,42,569,766,209,220,533,357,215,207,206,454,70,54,200,245,410,156,134,21,226,458,251,0,376,36,34,103,66,134,301,155,369,430,250,17,238,47,33,55,63,112,264,379,41,497,40,106,21,147,33,15,164,25,83,150,147,33,289,264,14,21,88,259,165,177,60,288,274,42,15,129,207,108,168,41,37,22
"47",101,136,958,262,303,592,232,83,404,99,1178,40,338,233,229,420,282,337,426,68,161,173,132,38,384,686,166,232,1314,758,193,136,143,266,55,58,131,212,798,156,164,37,151,793,237,376,0,38,60,100,35,99,666,121,525,630,398,19,966,31,15,40,72,87,760,742,66,129,136,75,16,147,31,15,120,44,92,168,81,48,530,532,25,33,58,423,127,105,63,726,2262,17,29,124,128,101,121,61,123,17
"48",2069,1608,54,87,82,54,106,1595,103,1199,7,1467,46,58,68,84,55,75,26,942,60,62,88,1012,25,17,53,72,15,108,37,54,48,103,907,1018,137,136,2,57,29,617,80,8,47,36,38,0,503,37,929,47,4,57,86,7,30,414,0,659,615,460,234,56,1,8,230,40,1,50,572,30,772,408,44,93,51,29,30,679,5,3,312,348,137,4,23,36,144,31,9,499,258,76,46,28,40,8,2,484
"49",1637,1492,120,218,152,168,144,1744,224,1614,54,1319,120,97,117,127,156,94,104,1035,76,172,141,1064,96,41,79,110,55,118,135,72,95,65,717,588,125,183,21,96,123,653,109,28,62,34,60,503,0,102,619,170,33,63,89,39,61,617,12,421,406,272,233,94,25,32,220,51,43,31,410,36,657,591,40,133,60,95,55,370,13,15,436,338,140,27,51,26,124,24,16,252,407,85,41,48,34,31,41,299
"50",132,386,702,4704,778,543,816,94,188,204,15,49,624,698,472,536,1130,475,461,189,695,1640,808,44,389,134,536,126,115,464,807,661,544,377,45,15,314,480,9,634,1173,26,640,52,400,103,100,37,102,0,36,292,29,388,82,136,211,73,3,13,54,45,108,726,13,56,125,248,14,227,14,133,18,33,261,246,140,352,360,17,5,13,30,206,461,12,212,261,116,39,88,26,37,203,213,247,224,46,49,18
"51",2249,1441,113,103,117,79,165,1188,88,968,52,1276,91,77,81,100,89,108,49,813,145,66,63,968,37,45,78,54,27,95,72,135,46,151,494,565,330,133,42,66,32,567,69,46,70,66,35,929,619,36,0,88,42,96,69,26,41,388,26,371,425,497,197,41,16,13,175,37,14,47,568,31,592,371,44,44,44,36,38,341,31,32,260,279,75,22,42,35,263,34,11,481,234,48,230,43,47,24,11,285
"52",78,1862,801,825,1268,727,982,130,326,1858,133,40,1008,810,1394,775,874,622,307,197,612,614,1007,269,270,214,763,250,79,415,519,537,613,556,29,26,655,548,52,582,362,39,409,79,486,134,99,47,170,292,88,0,57,346,172,85,323,45,44,24,27,38,89,420,31,50,56,472,37,474,30,439,30,15,398,153,414,277,606,35,38,35,13,26,181,49,516,345,159,30,32,55,33,448,228,217,341,67,131,14
"53",26,109,689,115,118,226,67,20,453,62,2673,22,165,124,91,274,112,121,339,23,69,73,66,21,341,278,75,276,639,469,103,59,68,193,26,91,40,116,1539,67,158,13,60,5022,207,301,666,4,33,29,42,57,0,33,724,220,371,9,1989,6,17,28,32,33,864,204,38,57,95,53,15,71,9,3,78,23,51,129,49,8,1942,790,2,7,45,503,98,30,21,140,104,8,1,26,97,36,31,104,88,0
"54",84,305,682,967,1201,769,1919,87,287,276,32,46,977,627,1086,778,701,812,212,881,1434,589,615,54,165,202,739,246,177,414,526,1241,487,795,27,20,996,433,35,487,354,13,340,48,711,155,121,57,63,388,96,346,33,0,77,106,329,22,17,18,20,87,179,335,16,46,146,560,88,260,21,652,17,11,350,77,426,197,297,32,29,32,14,27,161,32,278,380,119,63,80,47,21,345,350,1858,263,69,116,16
"55",190,307,787,275,314,306,141,138,417,213,781,159,284,217,186,419,216,245,329,136,144,172,183,105,318,528,161,244,625,259,153,123,191,202,106,154,89,174,503,149,127,61,122,968,219,369,525,86,89,82,69,172,724,77,0,384,280,83,550,96,75,105,69,52,353,342,100,163,165,57,57,140,70,75,114,24,96,137,75,70,949,381,55,80,78,251,114,92,39,849,278,78,57,72,102,68,94,99,202,55
"56",29,95,1049,299,287,156,191,35,133,80,770,11,264,204,203,386,310,321,391,47,243,264,116,12,388,1062,140,71,849,276,147,220,120,236,25,21,147,208,375,163,314,14,146,301,125,430,630,7,39,136,26,85,220,106,384,0,173,16,214,5,15,16,26,75,266,909,44,61,13,80,8,62,3,11,88,21,79,100,86,12,176,213,2,20,66,242,124,116,51,621,728,7,2,82,132,56,119,9,14,5
"57",50,258,726,624,839,901,570,57,529,199,678,19,655,522,583,847,453,508,324,109,401,322,495,38,337,269,409,378,408,488,330,323,370,398,19,20,332,326,511,297,190,12,257,452,565,250,398,30,61,211,41,323,371,329,280,173,0,7,493,12,15,45,98,235,466,110,86,414,202,157,13,609,10,2,301,112,251,237,240,22,299,481,8,57,98,313,217,284,97,108,99,22,6,216,199,527,214,72,914,9
"58",1818,1998,66,147,58,52,126,1400,37,1199,3,1784,40,66,38,57,83,51,38,859,52,152,103,947,32,8,32,26,21,64,50,51,76,36,1520,544,75,114,0,36,97,863,107,7,49,17,19,414,617,73,388,45,9,22,83,16,7,0,4,406,494,239,233,82,4,14,316,20,3,14,503,15,441,5323,35,109,17,37,26,281,4,2,494,610,149,1,21,11,73,23,14,212,468,26,23,17,33,15,0,303
"59",1,32,632,19,61,38,25,2,332,53,3393,4,85,73,37,213,72,45,344,13,8,28,26,9,363,268,29,113,680,294,17,12,43,122,14,56,8,84,1921,25,85,4,33,2095,202,238,966,0,12,3,26,44,1989,17,550,214,493,4,0,2,3,11,5,3,1304,221,11,42,12,3,1,45,2,0,18,6,48,88,6,0,2111,810,0,5,27,636,95,11,21,152,143,1,1,13,25,2,14,11,7,1
"60",1849,1355,26,26,22,17,62,1377,50,1047,5,1239,16,23,20,48,46,26,24,970,11,20,29,794,23,12,21,27,10,60,12,7,27,44,704,960,66,98,3,24,4,602,68,13,13,47,31,659,421,13,371,24,6,18,96,5,12,406,2,0,552,390,206,25,0,7,214,20,2,17,464,20,605,395,20,42,20,21,4,552,7,2,442,378,167,1,19,10,140,31,8,382,390,50,24,15,22,16,2,477
"61",2171,1873,45,76,56,26,74,1318,56,1127,7,1703,40,47,29,65,58,27,25,1052,23,68,55,1120,19,7,47,34,18,71,44,19,44,34,770,804,60,78,3,51,34,1104,94,12,20,33,15,615,406,54,425,27,17,20,75,15,15,494,3,552,0,290,229,39,2,6,190,15,1,15,771,9,541,475,25,63,25,20,22,416,12,0,837,648,150,2,20,13,223,27,7,257,810,52,13,15,29,13,5,481
"62",1332,1071,113,104,133,88,131,872,89,548,25,960,93,101,109,136,86,90,69,577,82,61,85,541,44,33,64,62,42,76,46,65,75,96,417,519,99,161,17,40,41,332,94,37,55,55,40,460,272,45,497,38,28,87,105,16,45,239,11,390,290,0,332,46,10,16,271,49,21,20,315,60,309,232,50,37,41,46,32,449,17,14,240,230,109,9,36,44,121,45,11,2289,219,54,35,54,49,29,21,238
"63",746,769,176,272,458,344,305,542,394,460,18,621,248,163,191,199,185,155,70,398,186,185,146,354,54,61,140,325,76,166,173,168,140,174,285,275,194,166,12,152,121,286,142,21,125,63,72,234,233,108,197,89,32,179,69,26,98,233,5,206,229,332,0,77,4,16,141,99,131,65,212,158,180,217,75,89,85,80,99,178,14,10,189,221,122,30,67,93,99,23,20,302,178,91,81,113,77,98,56,164
"64",113,341,594,1267,835,532,847,102,193,225,26,60,547,622,602,369,754,598,391,189,513,785,3727,73,331,165,505,185,82,487,588,485,472,456,86,37,492,428,19,395,583,26,347,25,385,112,87,56,94,726,41,420,33,335,52,75,235,82,3,25,39,46,77,0,12,48,88,286,29,370,18,197,29,49,415,893,220,418,435,30,6,25,20,52,196,19,359,269,100,27,67,29,24,194,223,229,323,41,91,20
"65",4,34,655,51,77,25,17,4,199,20,1514,1,84,72,31,126,61,58,619,5,15,16,39,8,652,452,17,106,985,430,29,11,61,120,8,15,5,89,1145,13,71,0,30,1032,197,264,760,1,25,13,16,31,864,16,353,266,466,4,1304,0,2,10,4,12,0,215,5,40,25,13,2,59,0,1,31,16,31,137,17,2,729,1042,1,5,19,613,79,20,10,160,171,0,0,14,30,7,18,4,7,1
"66",25,47,998,185,185,95,103,36,81,49,664,6,167,128,108,311,192,176,393,38,108,150,44,18,381,891,117,74,1012,234,127,91,96,197,30,12,72,163,323,109,291,9,92,258,87,379,742,8,32,56,13,50,204,46,342,909,110,14,221,7,6,16,16,48,215,0,15,50,13,62,7,58,20,9,56,27,27,55,44,11,211,177,4,9,50,187,81,79,41,765,934,10,4,37,39,20,49,20,4,6
"67",909,695,157,284,304,382,164,604,211,485,21,578,208,183,147,172,133,194,68,379,166,224,101,262,44,43,124,185,84,156,136,153,147,147,379,389,114,165,7,82,114,335,159,29,133,41,66,230,220,125,175,56,38,146,100,44,86,316,11,214,190,271,141,88,5,15,0,161,122,37,161,81,236,298,86,47,91,79,62,361,30,24,340,154,124,12,45,115,90,28,31,204,323,88,86,116,84,254,74,138
"68",63,379,767,775,1832,1040,667,79,277,308,80,19,887,745,904,961,702,769,295,135,569,466,1503,82,241,194,775,337,112,533,519,504,566,677,27,15,422,525,19,485,270,17,373,101,980,497,129,40,51,248,37,472,57,560,163,61,414,20,42,20,15,49,99,286,40,50,161,0,68,258,32,736,19,6,492,45,443,185,294,38,88,69,4,15,133,21,329,535,121,34,63,38,20,411,299,211,434,152,236,13
"69",6,51,51,59,204,2349,135,8,552,20,35,14,201,57,61,112,49,64,24,13,46,73,57,2,19,19,45,412,460,108,182,20,41,40,1,1,36,29,29,64,14,5,22,86,89,40,136,1,43,14,14,37,95,88,165,13,202,3,12,2,1,21,131,29,25,13,122,68,0,18,4,98,1,1,41,75,26,79,39,2,10,23,0,4,16,42,23,25,38,10,9,3,0,41,35,226,23,232,240,2
"70",45,295,493,478,1163,578,1076,69,104,168,28,16,627,481,874,502,617,635,209,181,463,318,440,59,164,210,569,328,60,477,293,408,402,566,17,13,310,347,19,411,258,18,323,25,366,106,75,50,31,227,47,474,53,260,57,80,157,14,3,17,15,20,65,370,13,62,37,258,18,0,20,267,13,9,482,245,200,134,288,13,7,17,7,24,116,13,379,474,84,32,47,22,12,202,295,136,527,28,39,14
"71",2467,3032,47,66,40,27,47,1380,34,1199,7,2783,40,46,55,174,42,35,22,1484,25,36,42,5136,11,8,36,20,7,41,57,23,63,35,559,714,40,91,1,43,24,1360,83,7,29,21,16,572,410,14,568,30,15,21,57,8,13,503,1,464,771,315,212,18,2,7,161,32,4,20,0,18,466,490,21,22,16,16,5,387,6,1,444,565,118,1,10,10,303,20,6,296,437,45,18,10,16,9,3,365
"72",46,323,753,514,1163,791,542,106,323,267,93,5,1008,810,1081,913,585,919,236,119,634,265,929,54,201,161,746,552,110,394,322,347,540,787,27,5,483,512,52,410,143,6,334,100,883,147,147,30,36,133,31,439,71,652,140,62,609,15,45,20,9,60,158,197,59,58,81,736,98,267,18,0,11,3,626,26,414,172,282,27,57,73,4,11,86,38,317,500,85,34,39,71,9,367,372,190,356,85,281,16
"73",1932,1294,20,28,23,20,51,1573,53,1171,1,1209,14,18,25,63,30,22,16,926,9,34,40,896,11,7,17,19,9,53,16,7,34,40,774,858,66,132,1,40,10,574,53,6,14,33,31,772,657,18,592,30,9,17,70,3,10,441,2,605,541,309,180,29,0,20,236,19,1,13,466,11,0,428,17,51,24,29,13,593,4,2,334,355,126,2,15,12,118,25,5,349,295,57,23,6,18,9,2,441
"74",1769,1880,21,50,15,11,73,1342,26,1147,2,1756,7,19,11,29,36,16,16,821,10,52,58,915,8,3,9,14,16,32,14,10,32,11,1477,531,53,79,0,18,22,844,70,4,17,15,15,408,591,33,371,15,3,11,75,11,2,5323,0,395,475,232,217,49,1,9,298,6,1,9,490,3,428,0,12,86,7,21,4,267,2,0,486,590,120,0,9,4,62,16,10,206,457,17,10,6,16,8,1,294
"75",73,331,850,661,1434,1304,748,125,289,272,54,32,957,876,929,696,619,1103,349,135,493,451,669,55,312,265,601,320,84,521,323,444,617,798,20,24,472,602,29,389,283,21,388,123,497,164,120,44,40,261,44,398,78,350,114,88,301,35,18,20,25,50,75,415,31,56,86,492,41,482,21,626,17,12,0,101,397,247,298,48,38,34,8,12,156,36,350,506,65,54,50,64,6,276,380,171,563,85,111,8
"76",159,214,159,383,273,362,437,137,282,186,42,107,216,155,136,113,295,109,174,136,120,309,902,87,160,64,219,177,46,195,251,116,155,135,185,70,80,143,27,178,202,33,113,14,94,25,44,93,133,246,44,153,23,77,24,21,112,109,6,42,63,37,89,893,16,27,47,45,75,245,22,26,51,86,101,0,39,182,195,24,6,18,41,56,69,38,143,73,47,21,27,30,36,49,46,92,118,28,107,52
"77",74,326,638,458,1346,568,1267,84,422,318,127,38,945,669,1939,757,645,609,177,179,710,313,832,54,158,132,726,167,72,306,248,635,486,519,31,28,599,476,87,513,191,30,281,94,369,83,92,51,60,140,44,414,51,426,96,79,251,17,48,20,25,41,85,220,31,27,91,443,26,200,16,414,24,7,397,39,0,104,239,29,94,45,8,35,108,60,465,280,102,51,38,109,8,404,227,227,215,50,71,22
"78",68,302,633,803,524,531,563,86,426,226,156,59,412,515,352,319,454,426,386,144,301,517,482,60,352,183,285,280,183,441,395,287,313,277,37,37,194,289,110,244,351,22,259,130,295,150,168,29,95,352,36,277,129,197,137,100,237,37,88,21,20,46,80,418,137,55,79,185,79,134,16,172,29,21,247,182,104,0,364,22,89,158,15,29,125,69,181,135,69,72,69,19,17,139,177,213,182,33,137,27
"79",44,335,776,727,935,551,1032,82,213,268,26,15,883,684,927,465,709,520,412,133,822,527,641,45,353,152,703,210,64,494,385,691,498,476,18,11,587,461,17,516,327,16,355,43,482,147,81,30,55,360,38,606,49,297,75,86,240,26,6,4,22,32,99,435,17,44,62,294,39,288,5,282,13,4,298,195,239,364,0,18,9,29,5,36,139,14,432,331,92,32,47,22,12,291,219,200,367,36,108,3
"80",1656,1120,43,41,82,38,86,1222,73,851,6,1000,49,39,62,82,55,43,31,742,50,37,65,676,20,13,50,21,11,71,16,33,43,68,578,760,92,212,4,37,18,464,66,14,30,33,48,679,370,17,341,35,8,32,70,12,22,281,0,552,416,449,178,30,2,11,361,38,2,13,387,27,593,267,48,24,29,22,18,0,9,7,314,275,118,5,20,19,123,35,13,406,268,65,28,15,32,11,7,419
"81",24,50,651,49,81,171,12,17,201,39,1859,7,110,102,49,316,92,78,277,8,26,40,69,16,274,224,158,136,523,234,36,15,77,154,17,116,23,104,1077,36,74,2,40,2089,247,289,530,5,13,5,31,38,1942,29,949,176,299,4,2111,7,12,17,14,6,729,211,30,88,10,7,6,57,4,2,38,6,94,89,9,9,0,672,3,8,23,342,58,18,16,107,105,7,2,18,38,10,151,110,21,3
"82",6,37,649,55,76,40,35,9,180,36,1233,3,103,91,61,146,75,75,536,13,40,23,74,11,565,338,44,124,603,499,23,33,45,145,21,22,25,86,896,32,66,1,30,910,203,264,532,3,15,13,32,35,790,32,381,213,481,2,810,2,0,14,10,25,1042,177,24,69,23,17,1,73,2,0,34,18,45,158,29,7,672,0,0,4,15,361,66,23,7,136,98,3,0,30,51,9,19,12,92,1
"83",2060,1648,14,27,14,14,30,1149,28,1005,0,1470,9,12,7,33,17,4,9,718,5,35,22,691,6,5,5,14,4,36,7,5,13,13,609,577,28,74,1,20,6,1491,80,3,5,14,25,312,436,30,260,13,2,14,55,2,8,494,0,442,837,240,189,20,1,4,340,4,0,7,444,4,334,486,8,41,8,15,5,314,3,0,0,391,152,0,6,4,190,31,3,248,3923,18,11,8,12,8,1,301
"84",1514,1375,47,297,108,26,149,900,87,804,8,1185,34,39,88,108,232,20,54,784,104,254,79,854,29,20,81,16,19,45,127,95,153,18,726,593,102,158,0,127,90,582,120,23,30,21,33,348,338,206,279,26,7,27,80,20,57,610,5,378,648,230,221,52,5,9,154,15,4,24,565,11,355,590,12,56,35,29,36,275,8,4,391,0,172,0,57,14,152,37,26,218,363,58,4,23,12,5,5,380
"85",417,544,532,930,548,306,316,317,139,411,52,296,351,558,333,293,424,314,271,332,312,675,304,195,244,109,303,106,61,241,316,300,436,238,175,168,237,369,25,255,510,147,3039,39,201,88,58,137,140,461,75,181,45,161,78,66,98,149,27,167,150,109,122,196,19,50,124,133,16,116,118,86,126,120,156,69,108,125,139,118,23,15,152,172,0,19,120,158,107,35,41,87,159,132,99,97,154,58,23,121
"86",5,30,542,56,131,101,54,10,1302,46,1988,2,114,81,52,132,66,44,310,18,34,32,46,8,333,295,52,167,683,297,62,27,57,110,12,9,31,94,1392,39,63,2,32,578,90,259,423,4,27,12,22,49,503,32,251,242,313,1,636,1,2,9,30,19,613,187,12,21,42,13,1,38,2,0,36,38,60,69,14,5,342,361,0,0,19,0,86,17,26,157,131,4,0,12,33,40,22,18,25,3
"87",43,316,702,520,976,495,786,64,236,294,268,15,836,609,1155,594,859,529,309,130,443,378,714,47,244,201,738,159,153,350,294,381,557,485,25,16,558,491,143,514,275,16,305,129,332,165,127,23,51,212,42,516,98,278,114,124,217,21,95,19,20,36,67,359,79,81,45,329,23,379,10,317,15,9,350,143,465,181,432,20,58,66,6,57,120,86,0,271,92,60,83,58,13,493,240,194,345,26,61,9
"88",54,226,647,663,2036,1632,757,59,120,164,11,9,828,715,745,665,625,757,224,179,640,494,348,28,178,361,683,235,116,505,349,577,449,635,25,8,454,427,12,444,307,21,433,62,496,177,105,36,26,261,35,345,30,380,92,116,284,11,11,10,13,44,93,269,20,79,115,535,25,474,10,500,12,4,506,73,280,135,331,19,18,23,4,14,158,17,271,0,90,56,58,49,15,258,389,196,442,70,76,6
"89",711,1123,305,481,339,202,324,412,143,499,52,517,449,271,207,387,282,185,99,380,196,419,194,460,86,80,369,77,66,192,476,184,230,132,163,208,136,220,23,481,212,695,191,29,142,60,63,144,124,116,263,159,21,119,39,51,97,73,21,140,223,121,99,100,10,41,90,121,38,84,303,85,118,62,65,47,102,69,92,123,16,7,190,152,107,26,92,90,0,40,54,90,218,131,77,86,85,38,31,138
"90",104,94,755,113,166,86,96,58,95,54,515,54,141,109,82,196,139,227,303,75,112,93,44,38,293,600,71,45,565,145,71,101,79,157,46,31,65,149,299,92,144,34,62,177,75,288,726,31,24,39,34,30,140,63,849,621,108,23,152,31,27,45,23,27,160,765,28,34,10,32,20,34,25,16,54,21,51,72,32,35,107,136,31,37,35,157,60,56,40,0,708,26,28,49,85,33,51,5,5,27
"91",23,75,793,213,180,108,126,23,97,28,487,13,181,142,117,281,203,231,335,40,127,197,73,14,305,627,121,46,2430,156,134,111,99,159,29,9,96,150,239,127,236,19,90,136,89,274,2262,9,16,88,11,32,104,80,278,728,99,14,143,8,7,11,20,67,171,934,31,63,9,47,6,39,5,10,50,27,38,69,47,13,105,98,3,26,41,131,83,58,54,708,0,4,3,85,74,49,66,9,10,7
"92",1223,1062,52,41,94,76,107,871,61,504,10,939,82,65,123,84,93,64,36,560,43,32,103,517,22,14,78,22,15,79,28,40,52,109,416,484,70,133,2,51,18,333,60,8,41,42,17,499,252,26,481,55,8,47,78,7,22,212,1,382,257,2289,302,29,0,10,204,38,3,22,296,71,349,206,64,30,109,19,22,406,7,3,248,218,87,4,58,49,90,26,4,0,222,90,30,29,28,11,8,241
"93",1991,1608,27,77,30,19,34,1107,31,1010,1,1403,17,29,20,53,39,20,17,697,21,77,29,669,12,15,18,16,8,47,26,20,33,18,559,499,26,81,0,34,37,1574,110,5,7,15,29,258,407,37,234,33,1,21,57,2,6,468,1,390,810,219,178,24,0,4,323,20,0,12,437,9,295,457,6,36,8,17,12,268,2,0,3923,363,159,0,13,15,218,28,3,222,0,26,13,12,20,6,0,280
"94",157,363,589,490,868,438,622,162,214,357,48,86,774,586,1000,639,578,480,220,183,541,329,579,107,183,164,625,187,86,327,275,453,456,394,60,62,689,386,25,443,185,46,338,40,517,129,124,76,85,203,48,448,26,345,72,82,216,26,13,50,52,54,91,194,14,37,88,411,41,202,45,367,57,17,276,49,404,139,291,65,18,30,18,58,132,12,493,258,131,49,85,90,26,0,198,161,243,46,98,25
"95",84,194,657,485,841,545,544,123,154,183,70,31,636,551,665,547,391,1448,232,134,658,288,299,53,162,239,384,181,116,289,255,592,364,548,40,22,464,360,44,307,192,16,284,97,332,207,128,46,41,213,230,228,97,350,102,132,199,23,25,24,13,35,81,223,30,39,86,299,35,295,18,372,23,10,380,46,227,177,219,28,38,51,11,4,99,33,240,389,77,85,74,30,13,198,0,187,428,55,70,10
"96",49,183,383,602,641,908,1104,56,1645,201,24,31,578,349,562,346,401,448,127,158,612,384,333,24,93,98,373,364,192,297,370,551,267,298,16,19,499,256,10,301,209,14,169,29,227,108,101,28,48,247,43,217,36,1858,68,56,527,17,2,15,15,54,113,229,7,20,116,211,226,136,10,190,6,6,171,92,227,213,200,15,10,9,8,23,97,40,194,196,86,33,49,29,12,161,187,0,161,68,88,21
"97",81,232,666,605,1073,822,702,94,146,172,46,27,709,631,771,616,625,992,314,134,479,411,479,53,236,425,738,197,58,385,358,436,535,786,28,20,329,517,16,441,314,16,404,57,438,168,121,40,34,224,47,341,31,263,94,119,214,33,14,22,29,49,77,323,18,49,84,434,23,527,16,356,18,16,563,118,215,182,367,32,151,19,12,12,154,22,345,442,85,51,66,28,20,243,428,161,0,92,67,18
"98",32,91,164,129,226,847,95,22,410,48,8,30,169,158,89,206,121,152,88,28,85,158,76,23,59,30,181,356,77,108,114,71,107,132,18,28,80,81,4,72,62,18,92,50,141,41,61,8,31,46,24,67,104,69,99,9,72,15,11,16,13,29,98,41,4,20,254,152,232,28,9,85,9,8,85,28,50,33,36,11,110,12,8,5,58,18,26,70,38,5,9,11,6,46,55,68,92,0,230,3
"99",10,114,151,203,255,526,179,22,735,72,27,7,320,174,196,220,139,187,71,22,136,70,224,14,61,36,148,640,131,126,89,84,120,118,8,2,79,98,3,90,38,6,64,56,240,37,123,2,41,49,11,131,88,116,202,14,914,0,7,2,5,21,56,91,7,4,74,236,240,39,3,281,2,1,111,107,71,137,108,7,21,92,1,5,23,25,61,76,31,5,10,8,0,98,70,88,67,230,0,3
"100",1522,979,30,27,35,13,39,970,48,749,4,882,18,22,14,42,49,15,23,747,13,41,41,603,8,9,30,17,15,36,11,11,18,20,547,706,41,81,1,28,12,527,52,4,16,22,17,484,299,18,285,14,0,16,55,5,9,303,1,477,481,238,164,20,1,6,138,13,2,14,365,16,441,294,8,52,22,27,3,419,3,1,301,380,121,3,9,6,138,27,7,241,280,25,10,21,18,3,3,0
